146.35
146.4
146.4
146.4
146.45
146.45
146.45
146.5
146.5
146.5
146.55
146.55
146.55
146.6
146.6
146.6
146.65
146.65
146.65
146.7
146.7
146.7
146.75
146.75
146.75
146.8
146.8
146.8
146.85
146.85
146.85
146.9
146.9
146.95
146.95
146.95
147
147
147
147.05
147.05
147.05
147.1
147.1
147.15
147.15
147.15
147.2
147.2
147.2
147.25
147.25
147.3
147.3
147.3
147.35
147.35
147.35
147.4
147.4
147.45
147.45
147.45
147.5
147.5
147.55
147.55
147.55
147.6
147.6
147.65
147.65
147.65
147.7
147.7
147.75
147.75
147.75
147.8
147.8
147.85
147.85
147.85
147.9
147.9
147.95
147.95
147.95
148
148
148.05
148.05
148.1
148.1
148.1
148.15
148.15
148.2
148.2
148.25
148.25
148.3
148.3
148.3
148.35
148.35
148.4
148.4
148.45
148.45
148.5
148.5
148.5
148.55
148.55
148.6
148.6
148.65
148.65
148.7
148.7
148.75
148.75
148.8
148.8
148.85
148.85
148.85
148.9
148.9
148.95
148.95
149
149
149.05
149.05
149.1
149.1
149.15
149.15
149.2
149.2
149.25
149.25
149.3
149.3
149.35
149.35
149.4
149.4
149.45
149.45
149.5
149.55
149.55
149.6
149.6
149.65
149.65
149.7
149.7
149.75
149.75
149.8
149.8
149.85
149.9
149.9
149.95
149.95
150
150
150.05
150.05
150.1
150.15
150.15
150.2
150.2
150.25
150.25
150.3
150.35
150.35
150.4
150.4
150.45
150.5
150.5
150.55
150.55
150.6
150.65
150.65
150.7
150.7
150.75
150.8
150.8
150.85
150.85
150.9
150.95
150.95
151
151.05
151.05
151.1
151.15
151.15
151.2
151.2
151.25
151.3
151.3
151.35
151.4
151.4
151.45
151.5
151.5
151.55
151.6
151.65
151.65
151.7
151.75
151.75
151.8
151.85
151.85
151.9
151.95
152
152
152.05
152.1
152.1
152.15
152.2
152.25
152.25
152.3
152.35
152.4
152.4
152.45
152.5
152.55
152.55
152.6
152.65
152.7
152.75
152.75
152.8
152.85
152.9
152.95
152.95
153
153.05
153.1
153.15
153.15
153.2
153.25
153.3
153.35
153.4
153.45
153.45
153.5
153.55
153.6
153.65
153.7
153.75
153.75
153.8
153.85
153.9
153.95
154
154.05
154.1
154.15
154.2
154.25
154.3
154.3
154.35
154.4
154.45
154.5
154.55
154.6
154.65
154.7
154.75
154.8
154.85
154.9
154.95
155
155.05
155.1
155.15
155.2
155.25
155.3
155.35
155.4
155.5
155.55
155.6
155.65
155.7
155.75
155.8
155.85
155.9
155.95
156.05
156.1
156.15
156.2
156.25
156.3
156.4
156.45
156.5
156.55
156.6
156.7
156.75
156.8
156.85
156.9
157
157.05
157.1
157.2
157.25
157.3
157.35
157.45
157.5
157.55
157.65
157.7
157.75
157.85
157.9
158
158.05
158.1
158.2
158.25
158.35
158.4
158.5
158.55
158.6
158.7
158.75
158.85
158.95
159
159.1
159.15
159.25
159.3
159.4
159.5
159.55
159.65
159.7
159.8
159.9
159.95
160.05
160.15
160.25
160.3
160.4
160.5
160.6
160.7
160.75
160.85
160.95
161.05
161.15
161.25
161.35
161.45
161.55
161.65
161.75
161.85
161.95
162.05
162.15
162.25
162.35
162.45
162.55
162.7
162.8
162.9
163
163.15
163.25
163.35
163.5
163.6
163.7
163.85
163.95
164.1
164.2
164.35
164.45
164.6
164.75
164.85
165
165.15
165.3
165.4
165.55
165.7
165.85
166
166.15
166.3
166.45
166.65
166.8
166.95
167.1
167.3
167.45
167.6
167.8
168
168.15
168.35
168.55
168.7
168.9
169.1
169.3
169.5
169.7
169.95
170.15
170.35
170.6
170.85
171.05
171.3
171.55
171.8
172.05
172.3
172.6
172.85
173.15
173.45
173.75
174.05
174.35
174.7
175
175.35
175.75
176.1
176.5
176.9
177.3
177.7
178.15
178.65
179.15
179.65
180.2
180.75
181.35
182
182.7
183.45
184.25
185.15
186.15
187.25
188.55
190.15
192.2
200
